iter	mu lb	mu	mu ub	delta mu	objective value	model status	solver status
        0.00	0.00000000	0.50000000	1.00000000	1.00000000	1.29659558	        4.00	        1.00
        1.00	0.00000000	0.25000000	0.50000000	0.50000000	5.07373681	        1.00	        1.00
        2.00	0.25000000	0.37500000	0.50000000	0.25000000	3.76161345	        1.00	        1.00
        3.00	0.37500000	0.43750000	0.50000000	0.12500000	-53.14059940	        4.00	        1.00
        4.00	0.37500000	0.40625000	0.43750000	0.06250000	3.38126631	        1.00	        1.00
        5.00	0.40625000	0.42187500	0.43750000	0.03125000	-19051.76287078	        4.00	        1.00
        6.00	0.40625000	0.41406250	0.42187500	0.01562500	-69.78117061	        4.00	        1.00
        7.00	0.40625000	0.41015625	0.41406250	0.00781250	1.27220163	        4.00	        1.00
        8.00	0.40625000	0.40820312	0.41015625	0.00390625	3.34012428	        1.00	        1.00
        9.00	0.40820312	0.40917969	0.41015625	0.00195312	3.31134397	        1.00	        1.00
       10.00	0.40917969	0.40966797	0.41015625	0.00097656	2.57356758	        1.00	        1.00
       11.00	0.40966797	0.40991211	0.41015625	0.00048828	2.04356750	        4.00	        1.00
       12.00	0.40966797	0.40979004	0.40991211	0.00024414	2.32967867	        1.00	        4.00
       13.00	0.40979004	0.40985107	0.40991211	0.00012207	2.18660233	        1.00	        4.00
       14.00	0.40985107	0.40988159	0.40991211	0.00006104	2.11507973	        4.00	        1.00
       15.00	0.40985107	0.40986633	0.40988159	0.00003052	2.15083973	        4.00	        1.00
       16.00	0.40985107	0.40985870	0.40986633	0.00001526	2.16872070	        4.00	        1.00
       17.00	0.40985107	0.40985489	0.40985870	0.00000763	2.17766144	        1.00	        4.00
       18.00	0.40985489	0.40985680	0.40985870	0.00000381	2.17319105	        1.00	        4.00
       19.00	0.40985680	0.40985775	0.40985870	0.00000191	2.17095587	        1.00	        4.00
       20.00	0.40985775	0.40985823	0.40985870	0.00000095	2.16979864	        4.00	        1.00
       21.00	0.40985775	0.40985799	0.40985823	0.00000048	2.17039099	        4.00	        1.00
       22.00	0.40985775	0.40985787	0.40985799	0.00000024	2.17067648	        4.00	        1.00
       23.00	0.40985775	0.40985781	0.40985787	0.00000012	2.17081617	        4.00	        1.00
       24.00	0.40985775	0.40985778	0.40985781	0.00000006	2.17088602	        4.00	        1.00
       25.00	0.40985775	0.40985776	0.40985778	0.00000003	2.17091652	        4.00	        1.00
       26.00	0.40985775	0.40985776	0.40985776	0.00000001	2.17093841	        4.00	        1.00
       27.00	0.40985775	0.40985775	0.40985776	0.00000001	2.17094714	        1.00	        4.00


maximum product objective value:	2.17094714
growth rate:	0.40985775
model status:	        1.00
solver status:	        4.00
