iter	mu lb	mu	mu ub	delta mu	objective value	model status	solver status
        0.00	0.00000000	0.50000000	1.00000000	1.00000000	-54044.81815543	        4.00	        1.00
        1.00	0.00000000	0.25000000	0.50000000	0.50000000	2.07747960	        1.00	        1.00
        2.00	0.25000000	0.37500000	0.50000000	0.25000000	2.07747960	        1.00	        1.00
        3.00	0.37500000	0.43750000	0.50000000	0.12500000	-25154.59159648	        4.00	        1.00
        4.00	0.37500000	0.40625000	0.43750000	0.06250000	1.99328705	        1.00	        1.00
        5.00	0.40625000	0.42187500	0.43750000	0.03125000	-1714.56629779	        4.00	        1.00
        6.00	0.40625000	0.41406250	0.42187500	0.01562500	-5.25582486	        4.00	        1.00
        7.00	0.40625000	0.41015625	0.41406250	0.00781250	-65.49416928	        4.00	        1.00
        8.00	0.40625000	0.40820312	0.41015625	0.00390625	0.16063239	        4.00	        1.00
        9.00	0.40625000	0.40722656	0.40820312	0.00195312	1.32515281	        4.00	        1.00
       10.00	0.40625000	0.40673828	0.40722656	0.00097656	1.54322169	        4.00	        1.00
       11.00	0.40625000	0.40649414	0.40673828	0.00048828	1.76734401	        1.00	        1.00
       12.00	0.40649414	0.40661621	0.40673828	0.00024414	1.65215146	        4.00	        1.00
       13.00	0.40649414	0.40655518	0.40661621	0.00012207	1.71090468	        4.00	        1.00
       14.00	0.40649414	0.40652466	0.40655518	0.00006104	1.73911990	        1.00	        1.00
       15.00	0.40652466	0.40653992	0.40655518	0.00003052	1.72501306	        4.00	        1.00
       16.00	0.40652466	0.40653229	0.40653992	0.00001526	1.73206656	        4.00	        1.00
       17.00	0.40652466	0.40652847	0.40653229	0.00000763	1.73559422	        1.00	        4.00
       18.00	0.40652847	0.40653038	0.40653229	0.00000381	1.73383131	        4.00	        1.00
       19.00	0.40652847	0.40652943	0.40653038	0.00000191	1.73471297	        4.00	        1.00
       20.00	0.40652847	0.40652895	0.40652943	0.00000095	1.73515393	        1.00	        4.00
       21.00	0.40652895	0.40652919	0.40652943	0.00000048	1.73493370	        4.00	        1.00
       22.00	0.40652895	0.40652907	0.40652919	0.00000024	1.73504394	        1.00	        4.00
       23.00	0.40652907	0.40652913	0.40652919	0.00000012	1.73498857	        4.00	        1.00
       24.00	0.40652907	0.40652910	0.40652913	0.00000006	1.73501613	        4.00	        1.00
       25.00	0.40652907	0.40652908	0.40652910	0.00000003	1.73502991	        1.00	        4.00


maximum product objective value:	1.73502991
growth rate:	0.40652908
model status:	        1.00
solver status:	        4.00
