iter	mu lb	mu	mu ub	delta mu	objective value	model status	solver status
        0.00	0.00000000	0.50000000	1.00000000	1.00000000	-3376.80961393	        4.00	        1.00
        1.00	0.00000000	0.25000000	0.50000000	0.50000000	2.07747960	        1.00	        1.00
        2.00	0.25000000	0.37500000	0.50000000	0.25000000	2.07747960	        1.00	        1.00
        3.00	0.37500000	0.43750000	0.50000000	0.12500000	-5219.35222741	        4.00	        1.00
        4.00	0.37500000	0.40625000	0.43750000	0.06250000	-6.13314994	        4.00	        1.00
        5.00	0.37500000	0.39062500	0.40625000	0.03125000	2.07747960	        1.00	        1.00
        6.00	0.39062500	0.39843750	0.40625000	0.01562500	2.07747960	        1.00	        1.00
        7.00	0.39843750	0.40234375	0.40625000	0.00781250	0.06617059	        4.00	        1.00
        8.00	0.39843750	0.40039062	0.40234375	0.00390625	2.07747960	        1.00	        1.00
        9.00	0.40039062	0.40136719	0.40234375	0.00195312	1.44311865	        4.00	        1.00
       10.00	0.40039062	0.40087891	0.40136719	0.00097656	1.91925369	        1.00	        1.00
       11.00	0.40087891	0.40112305	0.40136719	0.00048828	1.68560476	        4.00	        1.00
       12.00	0.40087891	0.40100098	0.40112305	0.00024414	1.79856454	        1.00	        1.00
       13.00	0.40100098	0.40106201	0.40112305	0.00012207	1.73818374	        1.00	        1.00
       14.00	0.40106201	0.40109253	0.40112305	0.00006104	1.70824841	        4.00	        1.00
       15.00	0.40106201	0.40107727	0.40109253	0.00003052	1.72313977	        4.00	        1.00
       16.00	0.40106201	0.40106964	0.40107727	0.00001526	1.73062051	        4.00	        1.00
       17.00	0.40106201	0.40106583	0.40106964	0.00000763	1.73440350	        4.00	        1.00
       18.00	0.40106201	0.40106392	0.40106583	0.00000381	1.73629221	        1.00	        1.00
       19.00	0.40106392	0.40106487	0.40106583	0.00000191	1.73534645	        1.00	        1.00
       20.00	0.40106487	0.40106535	0.40106583	0.00000095	1.73487569	        4.00	        1.00
       21.00	0.40106487	0.40106511	0.40106535	0.00000048	1.73511001	        1.00	        1.00
       22.00	0.40106511	0.40106523	0.40106535	0.00000024	1.73499391	        4.00	        1.00
       23.00	0.40106511	0.40106517	0.40106523	0.00000012	1.73505090	        1.00	        1.00


maximum product objective value:	1.73505090
growth rate:	0.40106517
model status:	        1.00
solver status:	        1.00
