iter	mu lb	mu	mu ub	delta mu	objective value	model status	solver status
        0.00	0.00000000	0.50000000	1.00000000	1.00000000	1.56991146	        4.00	        1.00
        1.00	0.00000000	0.25000000	0.50000000	0.50000000	5.06819190	        1.00	        1.00
        2.00	0.25000000	0.37500000	0.50000000	0.25000000	3.75315409	        1.00	        1.00
        3.00	0.37500000	0.43750000	0.50000000	0.12500000	-2728.10324457	        4.00	        1.00
        4.00	0.37500000	0.40625000	0.43750000	0.06250000	3.37790178	        1.00	        1.00
        5.00	0.40625000	0.42187500	0.43750000	0.03125000	-20.38351173	        4.00	        1.00
        6.00	0.40625000	0.41406250	0.42187500	0.01562500	-7607.66892271	        4.00	        1.00
        7.00	0.40625000	0.41015625	0.41406250	0.00781250	1.11932374	        4.00	        1.00
        8.00	0.40625000	0.40820312	0.41015625	0.00390625	3.33362620	        1.00	        1.00
        9.00	0.40820312	0.40917969	0.41015625	0.00195312	2.99424086	        1.00	        1.00
       10.00	0.40917969	0.40966797	0.41015625	0.00097656	1.98272300	        4.00	        1.00
       11.00	0.40917969	0.40942383	0.40966797	0.00048828	2.52457728	        1.00	        1.00
       12.00	0.40942383	0.40954590	0.40966797	0.00024414	2.26928148	        1.00	        1.00
       13.00	0.40954590	0.40960693	0.40966797	0.00012207	2.12604712	        4.00	        1.00
       14.00	0.40954590	0.40957642	0.40960693	0.00006104	2.19766355	        1.00	        4.00
       15.00	0.40957642	0.40959167	0.40960693	0.00003052	2.16185403	        4.00	        1.00
       16.00	0.40957642	0.40958405	0.40959167	0.00001526	2.17975847	        1.00	        4.00
       17.00	0.40958405	0.40958786	0.40959167	0.00000763	2.17092489	        4.00	        1.00
       18.00	0.40958405	0.40958595	0.40958786	0.00000381	2.17527339	        1.00	        1.00
       19.00	0.40958595	0.40958691	0.40958786	0.00000191	2.17303699	        1.00	        4.00
       20.00	0.40958691	0.40958738	0.40958786	0.00000095	2.17191796	        1.00	        4.00
       21.00	0.40958738	0.40958762	0.40958786	0.00000048	2.17135844	        1.00	        4.00
       22.00	0.40958762	0.40958774	0.40958786	0.00000024	2.17107869	        1.00	        4.00
       23.00	0.40958774	0.40958780	0.40958786	0.00000012	2.17143325	        4.00	        1.00
       24.00	0.40958774	0.40958777	0.40958780	0.00000006	2.17100708	        1.00	        1.00


maximum product objective value:	2.17100875
growth rate:	0.40958777
model status:	        1.00
solver status:	        4.00
